Po = 0.5885327439818611
p = 0.5885327439818611
Error_% = 0.0
Alfa = 0.0
TOL = 6.123233995736766e-17
No = 7
-------------------------------------------------------------
Po = 0.5877953224842856
p = 0.5885325264708369
Error_% = 0.12526138376276044
Alfa = 0.01708845283188087
TOL = 0.001
No = 4
-------------------------------------------------------------
